8860
5844
1588
373
1184
6955
6200
6384
7463
3425
3084
4373
1097
9582
4658
7352
3095
2828
6053
5735
5471
5838
5255
4848
3453
7242
5974
6944
3102
3652
6846
4505
5104
3097
1672
5247
7014
6933
6415
2336
5976
4657
8563
5454
903
6860
5350
3322
9213
3765
884
2142
531
2226
3665
4070
2508
2752
9546
2380
2783
7752
9773
480
5298
4154
4868
1920
5889
4905
8028
5353
9966
5443
2308
6122
9075
3563
3985
6114
2771
3540
3390
9718
3486
9532
7425
7216
7411
4258
8489
1398
1071
4854
803
1318
1156
3084
6556
2796
3686
8525
1281
7920
62
1258
946
4575
3521
7453
5013
5524
1595
5470
9094
7218
9365
5070
4748
4033
1078
132
2215
8914
3573
3250
6821
5297
8220
6771
85
9766
7352
7411
8451
8264
4237
6635
8593
6719
9175
1703
8182
2260
7067
8342
5200
1511
4347
7534
3142
4460
9337
5977
3304
5188
3379
2607
4936
8227
4364
3458
6993
4163
9404
5488
901
1349
4189
953
7046
7487
3974
5677
1738
1286
8277
3712
5905
5289
7541
3246
2082
6167
5344
1461
4033
1455
237
5555
6445
2994
1290
6077
1927
327
9605
5736
4029
8347
6644
8872
5171
7250
5604
9875
6259
239
3727
2417
6956
2699
8967
7507
8390
8646
6047
8925
5029
3719
440
560
9659
2113
1064
4632
2296
8949
5784
1759
1917
5598
5156
3581
2159
4733
5653
8749
966
7057
875
6589
3173
8626
5828
2849
2100
539
1962
7604
3160
1810
8696
5484
6085
5141
1308
4184
58
7554
888
2713
1770
978
2243
4683
91
6788
2637
8495
9847
4450
4175
9942
3456
9538
2288
5084
5729
6235
6293
6110
2367
5522
9776
1609
9118
48
5305
1073
7168
7233
5530
5994
5352
6236
2019
7959
1197
1834
7854
8253
3770
1813
2718
6274
2274
1502
5648
4504
640
7323
8308
6752
8317
7099
1205
924
7867
9448
2514
4742
446
2872
9601
454
6554
4031
9642
708
6312
9476
8479
2634
8770
9390
8251
7301
5117
2603
7912
9336
7623
2622
6059
941
8710
4323
4906
1305
1712
7135
3197
2267
249
5033
5602
3857
1382
814
5595
8966
6128
4470
1458
6716
1396
7185
9980
3986
2200
1581
1867
7058
2680
1192
8766
7386
9294
4524
707
1172
9056
2187
8029
3076
179
4392
1168
1678
8654
9136
7849
6658
7305
4291
2891
1413
5508
9763
2564
5453
7876
7224
5390
9033
808
4733
9489
6650
9050
154
7046
1233
7761
7967
4406
4615
5330
4314
4128
8387
4071
4710
7930
5675
4200
112
111
7803
4374
8502
9959
6923
9383
1279
6484
9232
7563
3089
6520
9569
6621
7043
4340
9348
2469
5983
6924
1717
8730
7731
6758
1010
8517
8453
6609
2486
8032
8545
8290
2640
6109
6096
1513
6863
1172
5766
3026
9932
2388
4552
6951
1092
3211
7849
3939
9649
3617
8176
1842
8820
2670
7575
2693
465
8907
6929
2689
5670
7206
4217
567
6473
1583
388
3086
5182
1263
8275
2299
6082
7849
8327
7075
9735
4841
1856
8663
1259
9688
3236
1134
3175
6482
3401
1025
1778
574
9519
5888
6336
5068
4877
2834
8490
2958
3974
9353
4155
6973
8135
6996
4756
8732
5441
5902
7996
4713
3613
7972
9384
8448
7713
6867
6307
6490
3325
4127
7354
3010
3186
97
9463
5176
1792
7448
9239
6591
5978
8560
7690
8881
8697
4784
9767
9074
7353
8221
2857
1297
6964
4044
6938
2363
8441
9765
1883
3226
393
4419
3725
8091
7486
8984
7183
349
1048
7005
8452
1973
5941
8454
5216
8767
9531
9620
8527
9743
181
5365
8178
293
9817
9526
7607
174
6930
7160
2899
1767
4255
7568
8639
2605
1767
6441
8525
9232
1767
3524
7909
6790
4345
3599
9184
379
4866
5812
2304
7718
3913
9976
5418
6647
1471
2660
385
1837
1551
5120
4208
4868
4452
1931
7044
6907
8145
8423
5556
4884
9825
274
7646
3556
796
5887
5567
2282
4530
2067
3198
2285
8183
1323
4373
3293
8923
1386
5549
7724
8037
1857
2598
5446
5483
775
6592
8698
3841
5304
7880
8045
4027
5482
5314
9668
4241
6298
9728
5423
7598
5461
3692
6438
3044
9075
7640
4523
6673
4701
3871
4030
1302
5183
9511
1039
9833
5337
8262
2110
5641
2655
4350
5263
6825
7745
6183
6202
6380
8101
695
3598
6667
5391
6576
9925
8997
6674
1574
6899
8212
401
9147
6904
9352
3134
3081
4917
4546
6068
2988
4619
207
784
8666
6159
5615
8730
4527
8361
6993
4002
809
1468
2125
277
4604
8320
4717
5198
6387
5755
5481
905
3973
894
7565
4179
5632
9979
3049
7421
6100
6437
3670
9183
6782
2848
9520
6762
1071
8327
7044
4742
9305
9932
1639
8714
8774
5482
2288
3849
2740
2870
9187
9113
4241
1780
9531
9520
3071
6598
531
5415
2244
4335
8018
9600
6192
4038
5937
9460
1820
6102
1129
1637
332
2
9518
2434
3632
4886
8242
6473
9229
7976
4391
3286
3235
5357
7445
522
3530
3385
2804
6039
1886
1342
4071
8616
2676
3861
5141
3613
8344
2763
6501
5155
2069
4034
5061
6546
7551
697
1287
241
8257
3078
1417
1012
9038
4255
5407
3765
6006
2584
9536
4545
5463
2758
5705
5193
9741
1858
1137
456
5944
1706
1691
1908
8648
9105
2545
638
1800
5814
7604
3876
100
8963
2029
9494
9784
8124
398
2853
1894
407
5562
6519
5475
4523
797
8680
5535
400
5033
7370
432
8646
7935
1325
2106
450
6550
1625
109
7907
1883
9944
9818
4531
9174
1281
7491
793
5332
6223
6527
2811
5622
2560
2694
6832
582
9897
9743
2323
7489
3095
7380
8676
5733
7216
3614
3401
6216
5704
3395
5122
530
5728
6952
9002
5641
6312
3524
2681
7911
5221
7252
5271
6362
254
9252
8346
3031
5504
9712
6944
3564
8418
7287
9496
5969
5250
5561
6331
250
1230
3085
6136
7900
2767
4418
1789
4393
8464
6288
1122
2490
8188
6921
4479
3512
4229
4209
4829
5590
2625
3047
5338
4879
4975
4031
3334
2519
2616
1150
1147
6401
9632
545
5417
7405
6747
3834
6879
4171
1244
3113
8518
449
4937
9459
1207
7156
2570
8577
7309
7334
4049
2951
8597
2413
4115
5711
6930
5900
2772
4849
3981
3440
9137
7938
9049
4713
6039
55
292
547
5153
52
1370
8176
2510
9893
9684
5956
5073
2823
1150
8732
9218
4628
1701
1083
8338
5946
2095
2739
3212
8471
5061
316
4774
5875
2251
9461
9783
2122
1361
4820
7842
8437
8770
8955
4177
7283
3545
5801
4093
4905
995
2586
265
4435
2127
8605
9151
3110
5154
9248
8306
5524
792
4297
8355
5466
165
3651
846
8841
4121
5667
1476
8399
6353
5175
8756
482
8426
4602
9123
6057
7441
8934
6539
3735
3254
7078
3983
5
6959
4039
700
2826
2185
1563
6618
3369
1145
8569
2098
9016
6304
5108
6411
2120
1613
7270
4125
2070
2764
4329
1254
1709
7004
307
9706
2805
622
7915
9381
8652
970
6700
4956
3231
8204
4213
9362
1254
1691
6490
8374
9945
1146
3450
4906
3779
1832
2862
4702
7954
5362
4603
4891
2039
984
2708
3708
2016
2988
6784
8806
5647
9078
4899
6232
6551
1941
1483
3837
7443
9169
906
4462
2355
7612
6794
9269
8419
5271
8162
6637
7850
1168
2596
421
2124
328
8720
6099
6028
8115
5544
9413
7090
7385
897
4722
5109
7929
6435
8319
133
7101
8029
5262
4519
7209
808
4625
6702
7677
3222
2508
5890
8282
4599
7657
9024
4929
1848
7076
4190
1479
9608
2487
1385
6069
7400
9728
3981
1467
2383
8301
5632
3797
4919
74
1883
4629
2472
1522
198
9344
7566
9265
6831
2357
9193
7530
5751
8919
6657
2596
1241
7004
6884
3807
2552
6383
5662
7733
324
2736
5620
1723
744
8954
3357
1766
1411
9445
1741
459
945
5602
606
9199
8613
9396
9502
8205
8533
8510
5552
7878
3410
3415
3903
2258
9523
4698
1030
3620
1981
2794
709
1548
2193
9955
3169
70
5890
7164
3067
848
1409
4344
2443
4153
9575
2427
4217
6741
6366
9482
4039
7709
6444
7211
9070
1891
1485
9772
740
6035
1532
5439
9239
1845
5471
7891
4953
1646
5676
1342
9416
5414
6011
7798
4040
8309
9449
8335
5951
583
9397
5454
9948
8079
8348
1260
8501
4119
28
9079
108
3045
5030
9058
9390
6617
2613
3405
3064
627
8758
7759
7206
2801
2243
383
2249
1366
3120
3971
2003
4598
5008
8511
6658
6494
3924
1775
8983
8897
2866
2832
963
5597
2655
5160
8957
2269
1289
8630
3538
5799
707
6948
1865
9140
9565
1897
8802
6784
6271
5259
9626
3479
6370
2369
1101
6208
3083
903
6233
4022
9781
2475
7531
5057
282
2564
5545
1748
5389
562
1339
9343
4967
544
5126
6068
733
9350
6855
2183
2986
2747
4776
510
4110
728
1186
1960
1074
7832
8511
4490
7431
1579
5514
5572
5803
2602
6566
9746
711
6196
8888
319
3031
6935
1297
4996
2662
5083
8796
206
7942
9336
8881
1694
5993
8983
9059
2330
6016
790
940
2672
3677
965
7667
1594
8118
3758
3703
7693
5657
1810
8507
5115
4822
8974
9742
5945
7022
5420
5253
9787
2310
9861
1800
9083
8760
8420
22
2665
230
390
2485
6668
7947
8238
6218
231
8176
9077
7185
1559
9864
2926
5210
72
1801
5447
3504
9926
4007
5468
4423
8817
7087
966
6578
9339
3389
4705
1870
7451
4282
7515
7278
3124
3941
4247
7331
3215
9037
2066
2632
9588
6904
3149
8808
5400
2035
1912
4268
7776
4903
7296
8949
740
5540
256
3906
3375
5357
8867
6239
3123
5775
6073
6714
8345
2031
2087
4979
4646
5279
905
2431
7305
317
2739
9193
1408
3529
5285
758
6059
6064
1548
7715
6328
6601
6549
7437
1245
7244
7037
1325
8565
4490
1364
5086
2817
8461
305
8748
2000
7789
3854
379
9737
1019
515
7297
7909
1278
1440
6049
2250
2503
5956
5189
2897
339
9419
9879
809
4702
9157
3900
2405
6750
6833
445
8608
1539
1352
6596
7505
4232
8374
7328
9033
6278
6450
1796
6617
694
223
5746
1457
8433
4588
1087
9651
9654
3478
9811
8934
2886
909
4336
8935
5312
83
1837
9353
1924
4385
5054
2653
7622
2388
1985
365
5473
3124
6215
6050
4886
5222
3180
661
1056
7767
8534
9650
4052
4648
8342
5545
6122
970
4830
831
8482
9167
8928
8417
7206
8576
1678
2264
2459
6556
1651
2152
1890
5981
3532
6578
8305
135
8181
842
8489
8954
1596
2242
7075
6727
260
7493
44
672
9561
7665
4635
2599
4362
5291
2331
9960
3192
2630
8009
3155
3641
5518
6012
4209
1193
3391
6827
7080
8398
8387
7407
2297
6855
8728
135
5335
6785
2575
5090
3442
8053
1345
3373
593
4992
8156
5272
2446
4928
9083
4583
2444
2184
1844
5666
6899
1729
4331
7033
7020
8670
7220
2936
1736
5162
7414
1075
2026
3632
2426
9630
1253
2358
2755
8444
3664
1238
4807
7602
5063
4074
4123
3414
2811
2228
9294
8489
2537
264
2684
3807
4839
3879
4674
9207
9019
7433
9201
8203
6054
3509
8267
8230
5309
6496
4379
2588
2457
9792
8801
8539
5124
1643
4971
1180
2996
6017
4047
9606
4581
7635
6852
7951
8302
3502
9025
7568
3141
7112
797
7156
1566
278
4710
9548
2926
6071
3309
3442
7647
6337
318
264
6828
1766
1549
3789
6332
3058
7676
1499
8619
8372
2153
3888
8132
6006
2532
3702
6939
3835
3870
4177
4214
1189
9934
8293
5948
2848
3757
5842
2822
2558
5889
7517
9410
2415
374
8316
2342
6380
7336
6397
4801
4561
446
7491
6445
1285
2624
2398
3345
6471
2777
4119
2515
7958
3111
5189
634
5981
4543
5998
3106
7626
4606
8590
3305
4522
6170
4221
8726
9474
9528
9088
4409
8076
934
9422
9005
9292
2104
9341
5018
3838
9040
265
4840
6047
3606
1808
7454
788
4327
5853
152
9514
4266
6014
7894
507
6558
6356
3409
9530
191
9416
2664
1403
6103
4948
1369
2258
3041
1493
4716
1974
1832
9691
1977
8178
1070
7066
5050
7000
2634
7408
5706
4306
8329
403
9821
4982
9060
8198
1305
4181
2962
744
9442
481
8004
5610
612
6617
5086
9099
9849
2722
5078
4226
7338
5123
3669
3174
338
2669
7802
893
3439
9109
238
6816
1137
2032
9426
8631
9653
5242
4708
8102
555
4370
7665
7379
8242
6758
3828
8979
486
5350
5148
2353
4496
5320
844
5834
9260
5799
7900
9256
1912
1080
3965
5096
5320
1148
5786
7194
6038
7963
9098
4053
2486
2355
4977
6196
8696
3084
1814
3905
7079
4775
6128
2124
4942
8099
7865
4137
4602
1627
6805
6483
5947
5455
27
976
8516
1502
3314
9235
1346
6333
4871
2488
4169
6918
5354
9872
1721
2704
8665
9753
2447
1991
7428
3256
5192
9400
3968
8102
8001
9388
8775
501
4539
6174
5148
205
6906
2042
8364
3991
4588
3779
2960
6501
5734
9697
5919
2907
1289
2678
6560
4143
9972
8412
8974
6585
2227
5564
4164
6054
901
2029
6183
3407
3516
9032
7267
3441
110
5588
6638
9049
5352
978
9256
2286
6065
1415
8468
1322
6508
8593
2112
1910
6856
1464
3328
1762
7330
6083
1818
5982
634
6356
3162
2775
1107
5665
2437
9713
8947
5920
3658
9501
8138
830
7172
3608
6512
332
3725
1217
9191
2998
8205
3956
6304
6801
5392
6903
8265
9841
3125
8496
5332
6116
9698
9345
2834
7359
8821
4161
4782
3331
9270
776
1479
8650
8424
4055
1637
1844
7086
7474
589
6457
330
4683
1247
5418
7152
5532
5389
3961
602
2961
4086
3633
1525
7535
5680
5092
4472
1637
2147
5999
9860
4270
7314
2364
6567
8911
3301
3891
7291
9715
8434
8333
5595
2817
1451
216
9190
1830
560
3312
5644
8741
5941
2624
5045
7896
622
5764
3153
9185
1190
6186
954
3137
1375
9669
6742
3060
836
3646
1176
3928
3147
327
9062
6344
8518
1805
4405
6009
2696
42
7392
9744
357
5907
888
477
5394
9253
5573
6265
6235
9543
2123
5351
4771
5212
56
3914
4678
5287
4185
7699
8939
683
9100
7061
2517
2126
1328
568
9897
3770
2553
8549
3929
8896
8720
1092
8319
5289
7031
7248
4037
6410
6858
5972
7521
2963
6065
2261
4207
4596
3186
1947
5030
3724
1715
316
1916
2720
2365
8567
789
3445
9644
6538
7639
4202
1635
385
2361
5636
6828
8268
9097
4471
6397
6811
2349
8478
9766
2600
5394
5576
4231
17
2448
5599
495
6929
5135
7974
8783
7371
7986
7278
7837
6434
225
6741
4628
2007
2148
1628
3960
4447
5963
6227
6871
9776
6780
7443
2219
8697
3604
7415
732
5051
8494
2648
3635
2200
945
4100
762
2519
9811
6234
8462
4368
8700
7125
630
4554
1077
8755
3758
2303
1295
5808
4060
312
9136
7604
1091
6858
1609
4549
9414
6477
9363
2330
5524
8981
5767
254
6897
8015
1436
3581
4646
8954
2027
8254
2655
31
3279
8509
818
2654
3865
740
4864
1814
4735
7941
7667
1601
8292
6935
199
298
435
2186
4709
3116
8181
9032
6874
5800
642
7179
2775
2706
1124
6677
658
6761
3911
9040
9225
465
2428
338
1222
7439
3149
1228
9998
1872
7035
3423
3876
4870
6611
5948
4539
1312
8447
3703
6424
9877
9336
4311
8454
1165
4857
4317
7218
5308
8767
8462
9063
7900
7069
6222
628
6534
2956
4763
7113
8716
1136
1827
8417
2230
8421
4035
1001
8551
3352
9278
1679
7739
1586
8998
4294
9087
2111
9561
5365
7085
8573
4411
8335
8899
3824
1356
1661
223
8514
2614
4903
7961
5400
5606
1059
2205
9135
1204
2420
3331
2549
5856
9587
1981
6341
5755
1243
9740
6458
479
2254
2192
836
7068
2245
8730
6425
257
965
5263
7858
2387
2941
8123
1926
4540
9980
4911
341
4931
3647
3530
8330
2163
3128
7327
5972
1115
5402
3976
7710
226
6065
5479
9081
6533
4111
1541
7675
6911
3232
2585
1681
8212
3103
6854
2064
265
8225
8609
409
1891
9279
9966
3243
3114
7058
4198
4787
5242
2023
647
8782
6343
9698
8200
5999
6506
9982
2759
4299
2796
5330
7634
2498
2605
1696
1790
4456
3905
3447
6887
8609
9641
3256
580
9388
2170
5877
1462
1606
2379
8645
1261
6735
4000
261
8823
2218
2318
2329
9494
605
9083
863
9981
425
2787
7172
4407
4659
9513
6368
387
6689
2872
4781
6912
8256
421
8549
6417
3250
8436
6361
3278
9125
5971
7246
6599
8862
678
1
6853
8197
9888
7803
270
8202
5050
400
5572
7205
9604
2242
8684
4347
2981
9682
2134
1308
2353
8278
2333
6554
7526
9142
9533
2772
1954
2033
4428
5856
3765
4557
247
4631
2287
3035
5370
8233
7110
2280
9643
6530
2853
9263
3987
2997
8564
9852
4906
4740
4560
9852
7678
4130
2952
6961
4416
6767
7331
9602
6235
6723
9633
2046
2801
6230
1148
9025
8276
9003
3098
2159
9182
349
3890
925
7710
706
2873
8255
320
524
2216
284
6551
5822
9836
6845
2521
8972
2217
5221
1751
3595
5067
5627
9688
3495
2491
3762
3393
5139
1131
5353
5651
5547
8894
2494
8048
3670
9495
2830
7611
1512
9308
4312
8108
5795
9366
5023
3245
3101
6296
5230
5941
7900
5706
7286
5678
5262
1665
9170
8452
630
1628
4300
8828
1920
3294
4264
4878
4278
9587
5966
8481
1051
4736
4021
1650
5316
2124
8891
432
9175
6661
2801
1240
315
4144
387
9624
6271
3697
6437
8161
6631
915
3273
3150
9376
1620
9742
1083
8405
2608
1106
2308
8554
553
7095
3532
6582
2064
5348
9031
3741
610
4962
9844
9099
578
4039
394
7261
9407
768
8957
6762
8402
2150
893
287
6758
7091
1324
7543
6979
335
5498
3097
5929
4467
8799
8587
6758
8270
1268
8997
389
2837
6110
5936
5219
8405
2440
3758
863
8453
9259
3603
4461
3863
6861
6112
5814
